id	spol	lroj	starost	visina	teza
1	Z	1941	19	165	48.8
2	Z	1941	18	155.7	48.9
3	Z	1941	19	153.6	55.5
4	Z	1941	18	163.4	69.7
5	Z	1941	19	164.7	60.8
6	Z	1941	19	163.6	58.6
7	Z	1941	19	161.8	52.9
8	Z	1941	18	163.9	67.6
9	Z	1941	19	161.4	60
10	Z	1941	18	162.8	57.4
11	Z	1941	18	161	59.5
12	Z	1941	19	159.5	65.2
13	Z	1941	19	165.3	60.2
14	Z	1941	19	170.3	69.7
15	Z	1941	18	165.3	65.3
16	Z	1941	19	168.1	61
17	Z	1941	19	157.1	51.9
18	Z	1941	18	161.5	53.3
19	Z	1941	19	167.8	59
20	Z	1941	18	162	55
21	Z	1941	19	154.5	46.4
22	Z	1941	20	166.7	53.5
23	Z	1941	19	168.2	56.3
24	Z	1941	20	152.8	43.8
25	Z	1941	20	153.4	46.4
26	Z	1941	19	160	52
27	Z	1941	19	167	55.5
28	Z	1941	19	163.1	64.3
29	Z	1941	20	161.2	54.1
30	Z	1941	19	156.7	58.1
31	Z	1941	20	164.3	54.4
32	Z	1941	20	152.7	50.9
33	Z	1941	20	160	53.4
34	Z	1941	20	163.3	52.8
35	Z	1941	20	157.7	66.2
36	Z	1941	20	162.7	66.8
37	Z	1941	19	169	64.3
38	Z	1941	20	157.1	50.8
39	Z	1941	19	166.5	61.6
40	Z	1941	19	158.7	62.5
41	Z	1941	20	150.9	57.9
42	Z	1941	19	167.5	60.5
43	Z	1941	20	165.6	66.4
44	Z	1941	19	167.7	63.8
45	Z	1941	20	158.2	50
46	Z	1941	19	162.2	52.6
47	Z	1941	20	158.4	57
48	Z	1941	19	169.4	49.2
49	Z	1941	20	170.1	65.4
50	Z	1941	20	165.2	60.9
51	Z	1941	19	164.5	65.4
52	Z	1941	20	160.8	58.8
53	Z	1941	20	172.5	63.4
54	Z	1941	18	162.2	58
56	Z	1941	19	169.8	63.7
57	Z	1941	20	163	63.2
58	Z	1941	19	169.4	62.5
59	Z	1941	19	157.9	48
60	Z	1941	19	169.4	61
61	Z	1941	19	167.7	63.9
62	Z	1941	19	159.1	52.2
63	Z	1941	19	156.3	54.8
64	Z	1941	19	161.5	59.1
65	Z	1941	19	164.5	59.3
66	Z	1941	19	155.3	56.9
67	Z	1941	19	164	50.4
68	Z	1941	19	163	60.5
69	Z	1941	19	165.2	63.8
70	Z	1941	19	152.1	54.8
71	Z	1941	19	163.6	55.2
74	Z	1941	19	163	62.8
75	Z	1941	19	153.6	50.5
76	Z	1941	19	156	48.3
77	Z	1941	19	170.2	56.5
78	Z	1941	19	160.7	60
79	Z	1941	20	171	74.8
80	Z	1941	19	160.5	62.3
81	Z	1941	19	167	66.5
82	Z	1941	19	157.7	61.6
83	Z	1941	19	171.2	75
87	Z	1941	19	162.3	51.8
88	Z	1941	18	158.7	60.4
89	Z	1941	19	155.8	71.4
90	Z	1941	19	165.6	57.3
91	Z	1941	19	156.1	65.1
92	Z	1941	19	157.1	49.2
93	Z	1941	19	172	67.2
94	Z	1941	19	158.6	56
95	Z	1941	19	157.2	58.5
96	Z	1941	18	159.3	58
97	Z	1941	19	158.1	56.5
98	Z	1941	19	156.7	54.3
99	Z	1941	19	171.2	61.1
100	Z	1941	19	168.7	64
101	Z	1941	19	163.2	63.1
102	Z	1941	19	166	58.3
103	Z	1941	19	162.3	67.5
104	Z	1941	19	178.8	73
106	Z	1941	19	170.1	75.7
107	Z	1941	19	164.8	53.5
109	Z	1941	20	157.4	57.5
112	Z	1941	19	166.1	56
113	Z	1941	19	157	57
114	Z	1941	19	160.7	47.1
115	Z	1941	18	163.4	54.5
116	Z	1941	19	162.2	71.4
118	Z	1941	19	165.2	62.9
119	Z	1941	19	175	76.3
120	Z	1941	20	163.5	65.1
121	Z	1941	19	157.1	60.2
122	Z	1941	19	163.1	55.9
123	Z	1941	19	172.3	62.8
124	Z	1941	19	155.4	64.6
125	Z	1941	19	164.1	62
126	Z	1941	19	149.9	60.5
127	Z	1941	19	155.7	67.8
128	Z	1941	19	159.2	54.8
129	Z	1941	18	154	47.6
130	Z	1941	19	168.4	57.7
131	Z	1941	19	156.4	51.3
132	Z	1941	19	171.3	61.3
133	Z	1941	19	160.5	52.7
134	Z	1941	20	167.8	57.1
135	Z	1941	19	159.6	56.7
136	Z	1941	20	149.6	52.5
137	Z	1941	19	162.7	57.5
138	Z	1941	19	164.1	64
139	Z	1941	19	170.7	66.6
140	Z	1941	19	168.7	58.8
141	Z	1941	18	165.6	63.1
143	Z	1941	19	172.2	80
144	Z	1941	19	161	60
145	Z	1941	19	182.1	72.7
146	Z	1941	19	172.1	71
147	Z	1941	19	167.5	68.4
148	Z	1941	20	166.7	73.3
149	Z	1941	20	159.6	48.4
150	Z	1941	19	164.2	59.4
151	Z	1941	19	169.8	61.2
152	Z	1941	19	160.6	51
155	Z	1941	19	155.3	59.2
156	Z	1941	19	168	59.1
157	Z	1941	19	145.4	49.7
158	Z	1941	18	156.4	52.9
159	Z	1941	20	156.6	58
160	Z	1941	19	160.6	60.7
161	Z	1941	19	157.9	52.7
162	Z	1941	20	163	67.4
165	Z	1941	19	166.4	63
166	Z	1941	19	169.3	66
167	Z	1941	19	161	62
168	Z	1941	19	157.5	55.8
169	Z	1941	20	153.7	49
170	Z	1941	18	165.2	57.3
171	Z	1941	19	162.5	63.5
172	Z	1941	20	163.6	55.8
173	Z	1941	20	167.7	62.9
174	Z	1941	19	156.3	56.4
176	Z	1941	19	169.1	77
177	Z	1941	19	156.1	46.9
178	Z	1941	19	148.6	53
179	Z	1941	19	169	57
180	Z	1941	19	162	58.2
181	Z	1941	19	167	58.2
182	Z	1941	19	160	61.8
183	Z	1941	19	157	55.6
184	Z	1941	19	165	54.2
185	Z	1941	19	167.6	67.4
186	Z	1941	19	171.4	69.5
187	Z	1941	19	165.6	56.5
189	Z	1941	18	162.1	61.5
1	Z	1942	19	172	63
2	Z	1942	20	156	55.7
3	Z	1942	20	163	57.7
4	Z	1942	20	160.1	53.5
5	Z	1942	19	166.7	60.7
6	Z	1942	19	178.5	63.8
7	Z	1942	20	160.7	54
8	Z	1942	19	163	52.3
9	Z	1942	19	164.8	56
10	Z	1942	19	174.3	63.7
11	Z	1942	19	166	57.9
12	Z	1942	20	159.1	54.7
13	Z	1942	19	166.5	71
14	Z	1942	19	171.6	66.8
15	Z	1942	19	159.3	62
16	Z	1942	19	167.9	62
17	Z	1942	19	164.7	60.5
18	Z	1942	18	165	64.4
19	Z	1942	18	162	55.2
20	Z	1942	19	160.7	51.5
21	Z	1942	19	167.5	58.5
22	Z	1942	20	167.2	53.1
23	Z	1942	19	166.2	55.2
24	Z	1942	20	168.1	54
25	Z	1942	19	160.4	52.8
26	Z	1942	20	165.2	55.4
27	Z	1942	19	162.8	60.1
28	Z	1942	19	155	57.5
29	Z	1942	20	158.1	51
30	Z	1942	19	165.8	58.9
31	Z	1942	19	163.8	56.9
32	Z	1942	20	168	56.1
33	Z	1942	18	165	58.3
34	Z	1942	19	167.6	59.1
35	Z	1942	19	166.7	65.5
36	Z	1942	19	162.4	72.1
37	Z	1942	19	156.8	58.2
38	Z	1942	19	166.7	56.2
39	Z	1942	19	159.6	50
40	Z	1942	18	163.4	55.8
41	Z	1942	20	157.6	60
42	Z	1942	20	161.8	51.3
43	Z	1942	19	155.4	49.5
44	Z	1942	19	156.4	70.4
45	Z	1942	19	158.7	53.7
46	Z	1942	19	159.2	52.8
47	Z	1942	19	164.4	58.1
48	Z	1942	18	169.7	64.4
50	Z	1942	19	164.7	61.7
51	Z	1942	19	162.3	59.4
52	Z	1942	19	158.3	45.5
53	Z	1942	18	169	80
54	Z	1942	19	170.5	73.6
55	Z	1942	19	166.3	53.2
56	Z	1942	19	168.8	56
57	Z	1942	19	161.5	49.3
58	Z	1942	19	156.8	48
59	Z	1942	19	166.5	87.1
60	Z	1942	20	168.3	75.9
61	Z	1942	18	163.6	58.8
62	Z	1942	20	168.3	69.7
63	Z	1942	19	168.2	60.4
64	Z	1942	19	166.5	70.9
66	Z	1942	19	163.2	57.3
67	Z	1942	19	177.4	69.1
68	Z	1942	19	174.5	55.8
69	Z	1942	19	170.5	58.2
70	Z	1942	20	173.7	66.1
71	Z	1942	19	162.2	59.3
72	Z	1942	19	156.9	56.8
73	Z	1942	19	164.5	50.5
74	Z	1942	19	161.1	55.9
75	Z	1942	18	168	61.8
76	Z	1942	18	162.6	57.3
77	Z	1942	18	171	62.9
78	Z	1942	18	177.5	70.7
79	Z	1942	20	157.8	50.2
80	Z	1942	19	165	73.4
81	Z	1942	19	159.9	58.5
83	Z	1942	18	159.3	50.1
84	Z	1942	18	171.2	71.7
85	Z	1942	19	158.5	64.4
86	Z	1942	19	163.3	57.3
87	Z	1942	19	170.1	69.4
88	Z	1942	19	168.5	67.7
89	Z	1942	19	157.6	62.5
90	Z	1942	19	168.7	67.7
93	Z	1942	19	153.2	58
94	Z	1942	19	150.9	52.3
95	Z	1942	19	164	56.5
96	Z	1942	19	163.3	54.5
97	Z	1942	19	161.4	59
98	Z	1942	19	155.3	52
99	Z	1942	19	155.5	58.1
100	Z	1942	18	153.6	54.8
101	Z	1942	20	164.9	53.5
102	Z	1942	19	160.2	51.4
103	Z	1942	19	165.6	55.1
104	Z	1942	19	160	48
105	Z	1942	19	158.8	51.1
106	Z	1942	19	168.2	65
107	Z	1942	18	162	64.7
108	Z	1942	18	159	54
109	Z	1942	19	172.2	52.2
110	Z	1942	20	161.8	62.8
111	Z	1942	19	162.2	55.2
112	Z	1942	19	165	55
113	Z	1942	20	155.2	56.5
114	Z	1942	19	164.4	60
115	Z	1942	19	167.3	61
116	Z	1942	18	149	57
117	Z	1942	19	167.1	74
118	Z	1942	19	165.5	64.8
119	Z	1942	20	163.7	60.4
121	Z	1942	19	168.2	74.4
122	Z	1942	19	162.4	60.3
123	Z	1942	19	156.7	55.5
124	Z	1942	20	156.8	50.1
125	Z	1942	19	165.1	52.5
126	Z	1942	19	172	51.4
127	Z	1942	18	169.6	67.4
128	Z	1942	20	165.3	69
129	Z	1942	18	170.1	60
130	Z	1942	19	170.7	65.6
131	Z	1942	19	167.4	74.8
132	Z	1942	20	165.4	71.8
133	Z	1942	19	152.9	50.6
134	Z	1942	19	166.1	64.2
135	Z	1942	20	160.1	53.7
136	Z	1942	20	162.5	56.9
137	Z	1942	19	171.8	73.3
138	Z	1942	20	168.1	60.8
139	Z	1942	18	162.3	54.7
141	Z	1942	19	168	60.8
142	Z	1942	19	151.5	60
143	Z	1942	19	165.8	59.5
144	Z	1942	19	161	56.3
145	Z	1942	19	157	51
146	Z	1942	20	170.3	55.5
147	Z	1942	19	166.7	47.6
148	Z	1942	18	165.1	64.3
149	Z	1942	18	161	60.4
150	Z	1942	19	159.5	76.6
151	Z	1942	19	172.9	72.9
152	Z	1942	19	165.5	46.5
153	Z	1942	19	160.4	73.5
154	Z	1942	18	167	57.8
155	Z	1942	20	153	48
156	Z	1942	18	158.3	56.6
157	Z	1942	19	163.3	54.7
158	Z	1942	19	161.2	63
159	Z	1942	19	157.3	60.5
160	Z	1942	20	165	57.6
161	Z	1942	19	164.8	62.6
162	Z	1942	19	167.2	65.5
163	Z	1942	19	161	66.6
164	Z	1942	19	165.2	72
165	Z	1942	20	166.7	74.5
166	Z	1942	19	162.7	56.5
167	Z	1942	20	156.5	52.5
1	Z	1943	19	163.8	61.9
2	Z	1943	18	156.2	56.3
3	Z	1943	19	157.3	57.8
4	Z	1943	19	158.5	58.5
5	Z	1943	19	159.5	56.2
6	Z	1943	19	155.5	50.4
7	Z	1943	18	164.5	53.1
8	Z	1943	18	162.2	53.7
9	Z	1943	19	162.1	56.1
10	Z	1943	19	173.1	58.3
11	Z	1943	19	161	49.2
12	Z	1943	19	162.4	53.3
13	Z	1943	19	174.3	66.8
14	Z	1943	20	173.7	60
15	Z	1943	19	168.9	61.4
18	Z	1943	20	167.8	64
19	Z	1943	20	160.7	53
21	Z	1943	19	153.6	56.1
23	Z	1943	18	156.6	55.3
24	Z	1943	18	162	61.5
25	Z	1943	19	165.7	56.3
26	Z	1943	20	169.6	63
27	Z	1943	19	173.5	69.3
28	Z	1943	19	158.1	53.9
29	Z	1943	19	166.6	65.2
34	Z	1943	19	167.8	65.7
35	Z	1943	19	156.5	55.4
36	Z	1943	20	148.9	45.5
37	Z	1943	19	171.2	53.2
38	Z	1943	18	164	68
39	Z	1943	19	154.3	56.5
40	Z	1943	19	171.1	43.5
41	Z	1943	19	164.4	50.8
48	Z	1943	18	163.1	64.9
49	Z	1943	20	169.5	65.5
50	Z	1943	20	165.4	66
53	Z	1943	19	163.6	53
54	Z	1943	19	158.2	53.3
56	Z	1943	19	168	62.5
58	Z	1943	19	166.6	78.4
59	Z	1943	20	162.1	58
61	Z	1943	18	159.3	62.5
63	Z	1943	18	160.7	49
64	Z	1943	20	158.2	66.3
65	Z	1943	18	163.9	69
70	Z	1943	18	168.1	65.2
73	Z	1943	20	173.7	60
1	Z	1944	20	166.5	60.5
2	Z	1944	20	158.1	54.5
3	Z	1944	20	170.5	57.2
4	Z	1944	19	166.4	66.3
5	Z	1944	19	160.7	58.4
6	Z	1944	20	161	54.8
7	Z	1944	20	158.8	57.9
8	Z	1944	20	167	56.8
10	Z	1944	20	164.4	47.7
11	Z	1944	19	170.5	60
12	Z	1944	20	162.6	52.7
13	Z	1944	20	168.1	61.2
14	Z	1944	20	176.1	66.2
15	Z	1944	20	164.2	68.3
16	Z	1944	20	172	67.7
17	Z	1944	20	160.5	49.6
18	Z	1944	20	160.8	71
19	Z	1944	20	166.7	58.7
20	Z	1944	20	156.4	58.7
21	Z	1944	19	167.6	57.3
22	Z	1944	20	158.7	66.2
23	Z	1944	19	160.7	50
24	Z	1944	20	163.4	64.9
25	Z	1944	20	161.1	65.5
26	Z	1944	20	164.4	51.8
27	Z	1944	20	161.5	52.7
28	Z	1944	19	164.3	53.4
29	Z	1944	19	163.7	59.1
30	Z	1944	20	165.6	60.6
31	Z	1944	20	171.5	69.7
32	Z	1944	20	162.4	66.4
33	Z	1944	20	172.5	62.6
35	Z	1944	18	168.5	59
36	Z	1944	19	162.7	55
37	Z	1944	20	170.5	56.2
38	Z	1944	19	157.4	54.3
39	Z	1944	19	170.7	64.5
40	Z	1944	20	149.5	46.7
41	Z	1944	20	166.3	61.1
42	Z	1944	20	164.8	56.2
45	Z	1944	19	168	70
46	Z	1944	19	167.3	55.5
47	Z	1944	20	167.5	66.6
48	Z	1944	20	163.5	59
49	Z	1944	20	164.6	60.2
53	Z	1944	19	159	51
54	Z	1944	19	156.3	50
55	Z	1944	19	151.7	52.5
56	Z	1944	20	159.7	49
57	Z	1944	20	152.8	46.6
58	Z	1944	20	159.5	50.1
59	Z	1944	20	165.8	53.5
60	Z	1944	20	165.2	54.2
62	Z	1944	20	163	55
63	Z	1944	20	161.2	61.7
64	Z	1944	20	167.8	65.7
65	Z	1944	20	163.1	60.6
66	Z	1944	20	167.7	65.1
67	Z	1944	20	177	61.3
68	Z	1944	20	165.3	53
70	Z	1944	20	164	67.5
71	Z	1944	20	166	54.2
72	Z	1944	19	163.2	58.7
73	Z	1944	19	159.6	53
74	Z	1944	20	163.5	60.3
75	Z	1944	19	163	55.3
76	Z	1944	20	160.8	72.2
77	Z	1944	20	168.4	64.3
78	Z	1944	20	164.6	64.9
79	Z	1944	20	152.8	53.7
80	Z	1944	20	164	68.5
81	Z	1944	20	169.4	61
82	Z	1944	20	171	63.8
83	Z	1944	20	170.9	64.1
84	Z	1944	20	177.8	63.9
85	Z	1944	20	171.2	53.6
86	Z	1944	20	159	55
87	Z	1944	20	164.8	58.9
88	Z	1944	20	153.5	50.6
91	Z	1944	19	174.3	69.5
92	Z	1944	20	163.4	63.9
93	Z	1944	19	166	55
94	Z	1944	20	163.5	56.7
95	Z	1944	19	154.1	53.5
96	Z	1944	20	163.2	56.6
100	Z	1944	19	160	58.4
101	Z	1944	20	169.5	61.5
102	Z	1944	19	163.1	54.5
103	Z	1944	19	154	48.5
104	Z	1944	19	165.1	55
105	Z	1944	20	166.3	56.3
106	Z	1944	20	159.3	52.3
107	Z	1944	20	159.8	56.2
108	Z	1944	20	161.4	58.7
109	Z	1944	20	163.5	61.2
110	Z	1944	20	164	65
111	Z	1944	20	163.6	60
112	Z	1944	20	165.3	55.7
113	Z	1944	19	161	52
115	Z	1944	20	156.6	54.4
116	Z	1944	20	159.5	58.4
117	Z	1944	20	161.3	54
118	Z	1944	20	160	62
119	Z	1944	20	167.6	59.3
120	Z	1944	19	173.4	59
123	Z	1944	19	173.6	65
124	Z	1944	20	163	53.9
128	Z	1944	20	160.1	58.3
129	Z	1944	20	166	57.9
130	Z	1944	19	166.3	75
131	Z	1944	20	164.5	58.9
132	Z	1944	20	157.3	60.6
134	Z	1944	20	170.3	67.5
135	Z	1944	20	165.9	62.2
137	Z	1944	20	163	57.5
138	Z	1944	19	157.9	50
139	Z	1944	19	152.8	53.5
140	Z	1944	20	175.2	69.9
141	Z	1944	20	166	61.1
142	Z	1944	20	171.8	64.9
143	Z	1944	20	162	64.1
144	Z	1944	19	161.5	61
145	Z	1944	19	163.1	61
146	Z	1944	20	155.5	51.8
147	Z	1944	19	156.5	53.5
148	Z	1944	20	158.6	59.4
149	Z	1944	20	161.5	48.3
150	Z	1944	20	168	56.6
151	Z	1944	19	163	61.5
152	Z	1944	19	169.3	48.7
153	Z	1944	20	165.5	61.5
154	Z	1944	20	155.2	56.3
155	Z	1944	20	147.9	43.6
157	Z	1944	20	167	67.9
158	Z	1944	20	164.2	53.3
159	Z	1944	20	153.3	51.7
160	Z	1944	20	169.6	55.6
162	Z	1944	19	168	68.4
163	Z	1944	20	166.6	69.4
165	Z	1944	20	168	63.3
166	Z	1944	20	156.6	48.9
167	Z	1944	20	152.3	47.2
169	Z	1944	20	157.1	56.3
170	Z	1944	19	174.6	58
171	Z	1944	20	160	51.7
172	Z	1944	19	168.5	70.5
173	Z	1944	20	160.2	59
174	Z	1944	20	158.5	54.1
175	Z	1944	20	157.4	52.4
176	Z	1944	20	157.2	49.2
177	Z	1944	20	152.7	51.6
178	Z	1944	19	176.7	75.3
179	Z	1944	19	163.3	54
180	Z	1944	19	160.7	60
181	Z	1944	19	162	59.8
182	Z	1944	20	167.3	64.9
183	Z	1944	19	166.5	59.6
184	Z	1944	19	167.2	71.2
185	Z	1944	20	169	58
186	Z	1944	19	161.6	51.9
189	Z	1944	20	168.1	64.5
190	Z	1944	20	168	56.8
191	Z	1944	19	171.4	69
192	Z	1944	20	158.2	50.7
193	Z	1944	19	165.2	52.5
194	Z	1944	20	162.1	57.4
195	Z	1944	20	175.6	78.8
196	Z	1944	19	173.5	61
197	Z	1944	19	167.3	56.5
198	Z	1944	19	162.7	59.3
199	Z	1944	20	155	60.3
200	Z	1944	20	163.3	55.4
201	Z	1944	19	156.5	60.5
202	Z	1944	20	176.1	60.4
203	Z	1944	20	152.4	50
204	Z	1944	20	168.7	50.3
205	Z	1944	20	164.1	50
206	Z	1944	19	169.1	79.3
207	Z	1944	19	171.1	62.5
208	Z	1944	19	156.7	61
209	Z	1944	19	154.6	51.1
210	Z	1944	20	164	55
211	Z	1944	19	158.4	68.6
212	Z	1944	19	155.3	59.5
213	Z	1944	19	159.6	52.3
214	Z	1944	20	163.8	58.2
215	Z	1944	20	160	59.5
216	Z	1944	20	159.9	57.3
217	Z	1944	19	158	58.7
218	Z	1944	20	168.1	52.7
1	Z	1945	20	173.4	69.9
2	Z	1945	19	154.2	55.8
3	Z	1945	19	163	51.3
6	Z	1945	19	163.3	58.2
7	Z	1945	19	160.9	54.4
8	Z	1945	20	162.4	52.4
9	Z	1945	20	159.5	48.6
10	Z	1945	20	161.5	56.5
11	Z	1945	20	174.1	65.5
12	Z	1945	19	167	53.8
13	Z	1945	19	166	63.2
14	Z	1945	19	162.8	59.2
15	Z	1945	19	168.9	68.6
16	Z	1945	19	170	65.4
17	Z	1945	19	162.9	57.8
18	Z	1945	19	169.7	58.1
19	Z	1945	20	171.3	69.1
20	Z	1945	20	164.6	71.8
21	Z	1945	20	169.1	53.2
22	Z	1945	19	169.2	59.8
23	Z	1945	19	166.6	61.4
24	Z	1945	20	169.7	64.3
25	Z	1945	19	159.6	51.4
26	Z	1945	19	171.9	63.9
27	Z	1945	19	155.4	54.7
28	Z	1945	19	167.4	60.9
29	Z	1945	20	161.3	51.1
30	Z	1945	20	167	63.3
33	Z	1945	20	159	49.8
34	Z	1945	20	170	70.8
35	Z	1945	20	172.2	61.4
36	Z	1945	20	173.1	56.7
37	Z	1945	19	157.9	50.2
38	Z	1945	19	156.4	50.7
39	Z	1945	19	173.1	82.2
40	Z	1945	19	173.2	65.1
41	Z	1945	19	161.8	66.5
42	Z	1945	19	161.6	51.3
43	Z	1945	19	172.7	70
44	Z	1945	19	171.8	58.1
45	Z	1945	20	169	52.6
46	Z	1945	20	152.8	46.7
47	Z	1945	19	166.6	56.5
48	Z	1945	20	168.3	54.8
49	Z	1945	19	167.8	69.7
50	Z	1945	20	156.8	54.2
51	Z	1945	20	164.9	60.7
52	Z	1945	19	164.8	49.4
53	Z	1945	19	161.4	67.4
54	Z	1945	19	159.8	60.2
55	Z	1945	19	168.5	59.3
56	Z	1945	19	168.2	62.1
57	Z	1945	19	169	59.4
58	Z	1945	19	157.6	51.8
59	Z	1945	19	161.2	60.4
60	Z	1945	19	169.6	63.8
61	Z	1945	19	157.3	62
62	Z	1945	20	165.6	58
63	Z	1945	20	165.1	62
64	Z	1945	19	169.8	59.8
65	Z	1945	20	154.8	53.8
66	Z	1945	20	160.6	62.1
67	Z	1945	19	158.5	53.9
68	Z	1945	19	151.3	54.9
70	Z	1945	19	158.2	53.2
71	Z	1945	19	165.3	60.6
72	Z	1945	19	162.8	58.7
73	Z	1945	20	156	51.2
74	Z	1945	19	157.5	53.8
75	Z	1945	18	173.6	57
76	Z	1945	19	161.3	63.1
77	Z	1945	19	166.2	53.9
78	Z	1945	19	171.8	55.4
79	Z	1945	20	163.5	58.3
80	Z	1945	20	159.4	51.6
81	Z	1945	19	163.5	68.7
82	Z	1945	20	162.6	52.2
83	Z	1945	20	159.2	55.6
85	Z	1945	20	170	63.2
86	Z	1945	20	160	49.8
87	Z	1945	20	159.7	47.4
88	Z	1945	19	163.2	61.5
89	Z	1945	19	162.9	61.6
90	Z	1945	18	159.4	61
91	Z	1945	18	160.6	45.5
92	Z	1945	18	167.6	55
93	Z	1945	20	164.5	56.9
94	Z	1945	19	153.4	52.5
95	Z	1945	18	158.9	51
96	Z	1945	19	154.6	50.73
97	Z	1945	19	172.7	61.7
98	Z	1945	19	165.4	52.8
99	Z	1945	20	164.4	60.1
100	Z	1945	19	159	56.7
101	Z	1945	19	158.5	50.7
102	Z	1945	19	162	71.6
103	Z	1945	19	165.7	60.9
104	Z	1945	20	158.6	50.3
105	Z	1945	20	165	52
107	Z	1945	20	163.1	55.1
108	Z	1945	19	167	59.7
109	Z	1945	19	170.5	63
110	Z	1945	18	167.5	54.2
111	Z	1945	20	163.3	64.9
113	Z	1945	20	155	50.7
117	Z	1945	18	160.2	69.9
118	Z	1945	19	152.6	51.7
119	Z	1945	20	160.8	48.4
120	Z	1945	19	162.3	60
121	Z	1945	20	159.6	53.5
122	Z	1945	20	162.7	52.8
126	Z	1945	20	173.5	60
127	Z	1945	18	157	52
128	Z	1945	20	169.2	56.7
129	Z	1945	20	170.7	54.6
1	Z	1946	18	171.8	69.8
2	Z	1946	19	159.4	56.5
3	Z	1946	18	163.6	57.7
5	Z	1946	18	167.8	53.5
6	Z	1946	18	166.7	60.1
7	Z	1946	18	160	55.2
8	Z	1946	18	168.9	56.7
9	Z	1946	18	155.7	50.6
10	Z	1946	18	157.2	47.5
11	Z	1946	19	162.6	54.4
14	Z	1946	18	164.2	62.8
16	Z	1946	18	165.2	61.5
17	Z	1946	18	168.8	62.1
18	Z	1946	18	163.8	56.4
19	Z	1946	18	165.6	58.2
20	Z	1946	18	162.8	72.9
22	Z	1946	18	164.8	65.8
23	Z	1946	19	163.5	60.7
24	Z	1946	18	166.1	55.9
25	Z	1946	20	161.5	61.6
1	M	1941	20	174.6	68.8
2	M	1941	20	167.5	68.5
3	M	1941	19	180.9	78.3
4	M	1941	19	186.2	75.5
5	M	1941	19	175	82.6
6	M	1941	18	169.3	75.3
7	M	1941	19	175.8	70.3
8	M	1941	19	173	73.5
9	M	1941	19	170.4	66.7
10	M	1941	19	177.5	71.4
11	M	1941	19	172.5	68.2
12	M	1941	20	180.5	69.4
13	M	1941	19	175.7	62.6
14	M	1941	19	178.9	72.5
15	M	1941	20	193.5	87
16	M	1941	19	170.7	63.8
17	M	1941	20	179.8	74.9
18	M	1941	20	174.9	73.5
19	M	1941	20	185.4	66.3
20	M	1941	20	187.1	83
21	M	1941	19	174	59
22	M	1941	20	177.5	55.5
23	M	1941	19	170.3	67.7
24	M	1941	19	183.2	80.9
25	M	1941	19	180.6	74.3
26	M	1941	19	176	66
27	M	1941	19	173	76
28	M	1941	19	179.2	75.3
29	M	1941	20	178.1	70.8
30	M	1941	19	159.7	59.4
31	M	1941	19	176.5	61.8
32	M	1941	19	179.2	74
33	M	1941	20	178.8	66
34	M	1941	19	187.5	68.8
35	M	1941	19	168.2	61.5
36	M	1941	19	182.1	73.5
37	M	1941	20	178	69.1
38	M	1941	20	178.6	59.8
39	M	1941	20	171.5	66.6
40	M	1941	19	175.3	57.7
41	M	1941	19	180.9	78.3
42	M	1941	19	186.2	75.5
43	M	1941	19	175	82.6
44	M	1941	18	169.3	75.3
45	M	1941	19	175.8	70.3
46	M	1941	19	173	73.5
47	M	1941	19	170.4	66.7
48	M	1941	19	177.5	71.4
49	M	1941	19	172.5	68.2
50	M	1941	20	180.5	69.4
51	M	1941	19	175.7	62.6
52	M	1941	19	178.9	72.5
53	M	1941	20	193.5	87
54	M	1941	19	170.7	63.8
55	M	1941	18	180.3	65.9
58	M	1941	18	174.7	64.1
59	M	1941	18	176.4	56.7
60	M	1941	19	182.3	66.5
61	M	1941	18	176.5	68.7
62	M	1941	18	177	66
63	M	1941	19	173	65.9
64	M	1941	18	166.9	58.5
65	M	1941	18	168	54.4
66	M	1941	19	180.1	68.6
67	M	1941	18	174.8	67.9
68	M	1941	19	168.3	66.2
69	M	1941	18	176.3	69.2
70	M	1941	19	174.7	63.8
71	M	1941	19	172	62.3
72	M	1941	19	179.5	66.7
73	M	1941	19	174.9	65.4
74	M	1941	18	177.5	62.9
75	M	1941	18	177.5	63.2
76	M	1941	19	177	61.2
77	M	1941	19	183.8	65.8
78	M	1941	18	171.6	70.3
79	M	1941	18	177.7	74.6
80	M	1941	18	180.6	75.5
81	M	1941	18	175.2	76.6
82	M	1941	19	175.5	76.9
83	M	1941	19	170.7	74.4
84	M	1941	19	180.3	75
85	M	1941	19	176.5	73.4
86	M	1941	18	181.5	78.7
87	M	1941	19	179.7	73.6
88	M	1941	19	190.6	77.8
89	M	1941	19	190	77.8
90	M	1941	19	173.7	63.7
91	M	1941	18	187	75.1
92	M	1941	19	190.1	88.1
93	M	1941	18	178.7	84.7
94	M	1941	18	177	68.4
95	M	1941	18	178.6	62.5
96	M	1941	19	181.5	68.2
97	M	1941	19	170	61
98	M	1941	19	170	66.6
99	M	1941	20	180	75
100	M	1941	19	177.1	84.2
101	M	1941	19	174.2	67.1
102	M	1941	19	175.6	68.5
104	M	1941	19	179.8	79.3
105	M	1941	19	172.2	66
106	M	1941	19	177.1	67.4
107	M	1941	19	174.8	74.2
108	M	1941	19	172.6	69
109	M	1941	19	178.5	68.1
110	M	1941	19	172.3	70
113	M	1941	19	173.9	90.9
114	M	1941	19	175.1	63.4
116	M	1941	19	181	70
117	M	1941	19	175	80.8
118	M	1941	19	186	78.5
119	M	1941	19	180.5	69.2
120	M	1941	18	168.5	64.3
121	M	1941	19	178.5	69.3
124	M	1941	19	170.6	55.5
125	M	1941	19	178.8	66.6
126	M	1941	19	177.7	67
127	M	1941	19	176	62.7
128	M	1941	19	169.3	67.5
129	M	1941	19	174.4	70.7
131	M	1941	20	179.5	67
134	M	1941	20	170	57
137	M	1941	19	179	74.6
138	M	1941	19	190	72.8
139	M	1941	19	176.2	69.7
140	M	1941	19	174.7	67.7
141	M	1941	19	177	67.8
142	M	1941	19	168.1	55
143	M	1941	20	171.2	65.5
146	M	1941	19	174.8	65
147	M	1941	19	183.7	76.2
148	M	1941	19	171.2	63.7
149	M	1941	19	181.8	72
150	M	1941	19	184.8	84.1
151	M	1941	19	174.1	62.5
152	M	1941	19	167.5	60.7
153	M	1941	19	170	61.8
154	M	1941	19	193.1	84
155	M	1941	19	166.5	65
159	M	1941	19	167.3	58
161	M	1941	19	163.9	60.2
162	M	1941	19	173	67
164	M	1941	19	170.4	63.6
166	M	1941	19	183.1	70
169	M	1941	20	170.2	68.5
170	M	1941	19	170.6	57.2
171	M	1941	19	176.7	62.2
172	M	1941	19	171.6	65.9
173	M	1941	19	177.8	62
174	M	1941	19	176.6	62.5
175	M	1941	19	181.5	66.2
176	M	1941	19	179.3	62
177	M	1941	19	176.2	66.7
178	M	1941	19	170.6	72.9
181	M	1941	20	176.5	73.4
182	M	1941	19	182.3	69
183	M	1941	19	173.5	63
184	M	1941	19	170	70.2
185	M	1941	19	184.1	79.7
189	M	1941	19	171.5	56.4
190	M	1941	19	171	58.5
192	M	1941	19	171.2	63.8
193	M	1941	19	172	60.9
194	M	1941	19	179.7	74
195	M	1941	19	183.8	70.3
196	M	1941	19	187.5	73
197	M	1941	19	179.4	67.3
198	M	1941	19	172.9	57.2
199	M	1941	20	171.4	67
200	M	1941	20	177	85
202	M	1941	19	169.5	69
203	M	1941	19	173.8	71
204	M	1941	19	179.6	75.4
205	M	1941	19	175.6	60
206	M	1941	19	164.5	51.7
207	M	1941	19	174.8	64.7
208	M	1941	18	169.7	65.6
209	M	1941	19	177.7	67.8
1	M	1942	20	171.7	60
2	M	1942	20	181.7	73.2
3	M	1942	19	175.6	72.9
4	M	1942	19	179.6	69.9
5	M	1942	20	168	62.8
6	M	1942	20	171	64.7
7	M	1942	19	168.4	62.3
8	M	1942	19	183	75.8
9	M	1942	19	171.3	71.2
10	M	1942	20	171.7	70.6
11	M	1942	20	177.9	73
12	M	1942	19	180.6	72.6
13	M	1942	19	170.5	68
14	M	1942	19	171.7	62.5
15	M	1942	19	174.3	71
16	M	1942	19	161.3	52.7
17	M	1942	20	163.2	54.4
18	M	1942	20	174.7	67
19	M	1942	19	180.5	71.5
20	M	1942	19	178.9	72.3
21	M	1942	20	171.1	68.4
22	M	1942	20	176.2	64.5
23	M	1942	20	175.5	74
24	M	1942	20	167.4	68.2
25	M	1942	19	179.7	64.6
26	M	1942	19	174.8	69.3
27	M	1942	19	178.7	65.5
28	M	1942	19	170.7	62
29	M	1942	20	177	67.2
30	M	1942	19	173.2	61.4
31	M	1942	19	183.5	67.7
32	M	1942	20	171.3	71.5
33	M	1942	19	176.1	71.7
34	M	1942	19	180.7	72.1
35	M	1942	19	190.5	86.5
36	M	1942	20	184	85.4
37	M	1942	19	167.5	58
38	M	1942	19	168.5	66.2
39	M	1942	19	182.1	75.5
40	M	1942	19	172.6	70
41	M	1942	19	167	57.7
42	M	1942	19	163.2	60
43	M	1942	20	177.1	65.4
44	M	1942	19	176	59.5
45	M	1942	19	179.1	61.8
46	M	1942	19	173.6	78
47	M	1942	19	178.8	78.1
48	M	1942	19	184.2	76.5
49	M	1942	19	180.1	78
50	M	1942	19	170.6	60.5
51	M	1942	19	177.2	70
52	M	1942	19	180.5	74.8
53	M	1942	19	173	59
54	M	1942	19	185.1	66.8
55	M	1942	19	170	71
56	M	1942	19	175.5	67
57	M	1942	19	169	69.1
58	M	1942	20	172.5	74.1
66	M	1942	19	166.3	63.5
67	M	1942	19	170.5	67.5
68	M	1942	19	170.2	53.2
69	M	1942	20	179.3	67.6
70	M	1942	19	180.1	71.2
71	M	1942	18	179.3	72.8
72	M	1942	19	169.8	63.5
73	M	1942	19	173.4	64
74	M	1942	19	168.6	66
75	M	1942	18	170	58.9
76	M	1942	18	165.7	60.3
77	M	1942	19	186.1	75.3
78	M	1942	18	181.4	70
79	M	1942	19	169	61.6
80	M	1942	19	172.6	67.4
81	M	1942	20	168.3	64.1
82	M	1942	19	179.7	66.9
83	M	1942	20	181.4	96.5
84	M	1942	19	180	77.2
85	M	1942	18	180	76.4
86	M	1942	19	172.9	63
87	M	1942	19	184.4	74.2
88	M	1942	20	184.1	72.5
89	M	1942	19	164.5	57.8
90	M	1942	19	175.5	75
91	M	1942	19	174.4	60.8
92	M	1942	18	173.2	74.9
93	M	1942	19	184	82.9
94	M	1942	20	168.1	72
96	M	1942	19	178.2	69.5
97	M	1942	19	172	71.7
98	M	1942	19	174.6	62.4
99	M	1942	20	180.1	72.1
100	M	1942	19	174.1	68.8
101	M	1942	19	179.7	69.3
102	M	1942	19	185.1	68.3
103	M	1942	19	180.1	61.5
104	M	1942	19	178	74.3
105	M	1942	18	181.7	84.5
106	M	1942	19	172.8	57.7
107	M	1942	19	168.6	69
108	M	1942	19	177.1	68.4
109	M	1942	20	179.5	66.2
110	M	1942	19	174.1	62.5
111	M	1942	18	176.2	68.3
112	M	1942	19	180	72.6
113	M	1942	19	179.5	70
117	M	1942	19	173.9	70.2
118	M	1942	19	177.5	63.5
119	M	1942	20	169.4	73.5
120	M	1942	19	182.6	59.3
121	M	1942	19	184.7	59.5
122	M	1942	20	182.7	78
123	M	1942	18	177.2	71.8
124	M	1942	19	181.7	64.4
125	M	1942	19	172.2	61.5
126	M	1942	19	173.5	60.2
127	M	1942	18	176	74.6
128	M	1942	19	169.3	65
129	M	1942	19	183.1	67.2
130	M	1942	18	184.7	76.8
131	M	1942	18	189.8	82
134	M	1942	20	170.1	60.2
135	M	1942	20	180	66.8
137	M	1942	19	171.4	59.3
138	M	1942	20	172.2	64.3
139	M	1942	19	182.5	78.7
140	M	1942	19	178.7	76.8
141	M	1942	19	178	69.5
143	M	1942	20	179.1	61
144	M	1942	20	179.6	71
146	M	1942	18	177	66
147	M	1942	19	176.6	62.2
148	M	1942	19	174.4	79.1
149	M	1942	19	183.2	72.1
150	M	1942	19	187.7	76.1
151	M	1942	19	173.2	60
152	M	1942	20	163.7	67.8
153	M	1942	19	172.2	58.1
154	M	1942	19	172.6	67.2
155	M	1942	18	179.1	73.1
156	M	1942	19	176.6	68.7
157	M	1942	19	174.5	66.6
158	M	1942	19	185.3	75
159	M	1942	19	179.7	72.8
160	M	1942	19	180.5	73.1
161	M	1942	19	176.6	67.8
162	M	1942	18	172.8	60
163	M	1942	18	176.4	62
164	M	1942	19	176.1	77.4
165	M	1942	18	171.1	72
166	M	1942	20	172.3	55
167	M	1942	19	176.5	59
168	M	1942	18	173.6	71
169	M	1942	19	184.3	70.7
170	M	1942	19	180	70
171	M	1942	19	175.9	72.8
172	M	1942	19	174.9	60.7
173	M	1942	20	170.6	62.8
174	M	1942	19	173.3	64.2
175	M	1942	19	181	66.4
176	M	1942	19	178.3	73.5
177	M	1942	19	178	70.5
178	M	1942	19	180.8	74
179	M	1942	19	173.2	65.7
180	M	1942	18	176	65.4
181	M	1942	18	164.3	63.3
182	M	1942	20	173.3	76
183	M	1942	20	181.7	74.5
185	M	1942	19	179.1	65.5
186	M	1942	19	174.3	65.6
187	M	1942	19	180.6	68.8
188	M	1942	19	172.5	100
189	M	1942	18	186.2	77
190	M	1942	18	186.6	74.7
191	M	1942	18	183.5	72.3
192	M	1942	19	175.7	65.7
193	M	1942	18	187.7	74.7
194	M	1942	19	166.5	70
196	M	1942	18	180.7	82.3
197	M	1942	18	176	69.5
198	M	1942	19	176.8	66
199	M	1942	19	173.2	64.3
200	M	1942	19	193.7	89
201	M	1942	20	176.5	61.4
202	M	1942	19	170.5	64
204	M	1942	18	172	65.6
205	M	1942	20	169.5	61.2
206	M	1942	19	166.6	58
207	M	1942	19	174.5	77.3
208	M	1942	19	177.3	62.8
209	M	1942	19	183.3	65.8
210	M	1942	19	170.6	60.6
211	M	1942	19	174.6	60
212	M	1942	19	171.4	74.5
213	M	1942	19	184.8	70.3
214	M	1942	19	190.2	80
215	M	1942	19	161.2	57
216	M	1942	19	170.8	67.4
217	M	1942	19	172.5	63
218	M	1942	19	189.5	68.9
219	M	1942	19	175.6	86.5
220	M	1942	19	175.8	90.6
221	M	1942	19	169.9	71.1
223	M	1942	19	164.7	50.2
224	M	1942	20	174.8	75.7
225	M	1942	19	175.3	65.4
226	M	1942	19	176.6	65
227	M	1942	20	176.4	75.7
1	M	1943	19	171.4	55.4
2	M	1943	19	172	66.5
3	M	1943	18	165	56.6
4	M	1943	18	174	70.9
5	M	1943	18	176.5	73.6
6	M	1943	19	174.2	75.2
7	M	1943	18	169.8	71
8	M	1943	19	167.9	70
9	M	1943	18	186	72
10	M	1943	19	179.6	69
11	M	1943	19	169.6	64.8
12	M	1943	19	175	80.7
13	M	1943	19	175.7	72
14	M	1943	19	182.9	64.7
15	M	1943	19	179.1	65
16	M	1943	20	165.4	65
17	M	1943	20	163	62
18	M	1943	18	176.5	70.2
20	M	1943	20	174.2	70
21	M	1943	18	178.5	68.5
22	M	1943	19	178	69.1
23	M	1943	19	166.3	58.8
24	M	1943	20	173	63.3
25	M	1943	20	179.1	81.6
26	M	1943	18	177	72.8
27	M	1943	20	169.5	73
30	M	1943	20	174.3	71
31	M	1943	19	171.2	95.2
32	M	1943	18	188.2	80
33	M	1943	20	176.1	74
34	M	1943	20	176.1	81
38	M	1943	20	183.4	76.5
39	M	1943	20	180.4	81
40	M	1943	19	175.3	67
41	M	1943	18	173	71.5
42	M	1943	19	175.7	63.5
43	M	1943	20	175.1	64.3
45	M	1943	20	168.1	66
46	M	1943	20	173.6	69.6
47	M	1943	19	171.8	61.9
48	M	1943	19	183.9	74
49	M	1943	20	162.4	57
50	M	1943	20	162	57
51	M	1943	20	176	71.7
52	M	1943	20	177.8	71.5
54	M	1943	18	174.2	57.6
58	M	1943	20	179.8	74
59	M	1943	19	189.7	89
60	M	1943	18	189.6	72.8
61	M	1943	20	167.1	72.5
62	M	1943	20	172.7	70
63	M	1943	20	176	72
64	M	1943	20	180	76
65	M	1943	18	178.2	68.6
66	M	1943	18	184.7	74.2
69	M	1943	18	173	64.8
71	M	1943	20	178.1	69.2
72	M	1943	18	177.2	67.6
73	M	1943	19	186.5	78.8
74	M	1943	19	178.7	61.4
75	M	1943	19	174.9	62.4
76	M	1943	20	166.7	65.3
79	M	1943	20	170.5	77
81	M	1943	20	175.6	71.5
82	M	1943	20	190.1	91
12	M	1944	20	176.3	62.8
13	M	1944	20	177.3	68.8
16	M	1944	20	186.2	73.3
17	M	1944	20	185.8	76.1
18	M	1944	20	173.1	70.1
19	M	1944	20	171.6	70.3
20	M	1944	20	174.5	61.3
21	M	1944	20	177.8	69.8
22	M	1944	20	176.2	71.5
23	M	1944	20	167.6	61.4
24	M	1944	20	180.6	68.4
25	M	1944	20	175.9	67.1
26	M	1944	20	164.2	60.8
27	M	1944	20	180.6	65.3
28	M	1944	20	163.3	50
29	M	1944	20	175.1	68.2
31	M	1944	20	178	84.7
32	M	1944	20	179.9	78
33	M	1944	20	181.2	62.5
34	M	1944	20	185.6	87.7
35	M	1944	20	177.8	72
36	M	1944	20	180.3	88.9
37	M	1944	20	167.5	71.6
38	M	1944	20	182.3	76.4
39	M	1944	20	189.8	72.6
40	M	1944	20	171.3	65.5
41	M	1944	20	173.3	70
42	M	1944	20	177.4	74.2
43	M	1944	20	170.6	55.1
44	M	1944	20	183	73.1
45	M	1944	20	180.8	74.3
46	M	1944	20	165.8	58.2
47	M	1944	20	180.6	73.1
48	M	1944	19	169.6	65.7
49	M	1944	20	171.1	67.2
50	M	1944	20	179.5	71.3
51	M	1944	20	182	70.6
52	M	1944	19	185.5	84.5
54	M	1944	20	170.5	66
55	M	1944	20	179	62.3
56	M	1944	20	175	65
57	M	1944	19	168.5	70
58	M	1944	19	177.7	76.5
59	M	1944	20	173.2	72.2
61	M	1944	19	180	67
62	M	1944	19	183.6	64
63	M	1944	20	178.5	82.7
64	M	1944	20	175.4	74.8
65	M	1944	20	172.9	68.7
66	M	1944	19	173.6	73
68	M	1944	18	170.3	58.8
69	M	1944	19	180.3	80.3
70	M	1944	19	171.7	60.4
71	M	1944	19	171.7	62
72	M	1944	19	167.6	73.3
73	M	1944	19	169	64.5
74	M	1944	20	174.5	68.6
75	M	1944	19	186.7	69
76	M	1944	19	182.6	79
77	M	1944	20	180.5	79.7
78	M	1944	19	177.5	78.5
79	M	1944	20	180.3	75.2
80	M	1944	19	171	65.5
81	M	1944	20	175.7	70.5
82	M	1944	20	174	73.2
83	M	1944	20	180.4	81.2
84	M	1944	19	162.7	64
85	M	1944	19	185.8	72
86	M	1944	19	182.3	75
87	M	1944	20	165.3	60.3
88	M	1944	19	176.5	68
89	M	1944	19	175.5	73
90	M	1944	20	181.1	84.6
91	M	1944	20	182.4	87.2
92	M	1944	20	180.5	78.8
93	M	1944	20	172.2	61.7
94	M	1944	20	175.5	68.3
95	M	1944	19	177.1	67.5
96	M	1944	19	180.1	70
97	M	1944	19	178.3	69
98	M	1944	19	174	63
102	M	1944	20	176.6	60.7
103	M	1944	20	172	72.5
104	M	1944	20	179.5	70.7
105	M	1944	19	172.7	67
106	M	1944	19	173	65
107	M	1944	19	165.8	60.7
108	M	1944	19	183.4	74.8
109	M	1944	19	173.5	63
110	M	1944	19	176.4	66
111	M	1944	20	175	59.9
114	M	1944	20	172.6	64.2
115	M	1944	19	166.1	56
116	M	1944	20	183.5	79.2
117	M	1944	19	172.6	72.7
118	M	1944	19	184.7	82
119	M	1944	20	178.5	77.9
120	M	1944	20	188.2	89.5
122	M	1944	20	170.2	76
123	M	1944	19	175.5	65
124	M	1944	19	175.5	64
125	M	1944	19	181.5	87.5
126	M	1944	19	166.9	59
127	M	1944	20	177.6	68.8
128	M	1944	20	176.4	69.4
129	M	1944	20	174.2	69.3
130	M	1944	20	185.1	92.2
131	M	1944	19	180.1	78
132	M	1944	19	180.5	62
133	M	1944	20	181.9	73.4
134	M	1944	20	176.4	69.7
135	M	1944	20	178.8	105.7
136	M	1944	19	183.3	77.3
137	M	1944	20	179.8	76.7
138	M	1944	19	163.1	52
139	M	1944	20	172.6	58.4
140	M	1944	20	177.5	64
141	M	1944	19	176	69
142	M	1944	19	180.6	66.6
143	M	1944	20	167	56.6
144	M	1944	20	174.4	64.8
145	M	1944	19	165	63.5
146	M	1944	19	175	63
147	M	1944	20	177	63.5
148	M	1944	20	177.2	79
150	M	1944	20	174	67.4
151	M	1944	20	171.3	91.9
152	M	1944	20	172	65.7
153	M	1944	20	171.9	58.7
154	M	1944	20	171	68.7
155	M	1944	20	186.8	70.7
156	M	1944	20	179.4	65.9
157	M	1944	20	178	71.4
158	M	1944	20	176.6	86
159	M	1944	20	171.6	71.4
160	M	1944	20	188	79.5
161	M	1944	20	169.5	63.3
162	M	1944	20	169.7	66.3
163	M	1944	20	176.4	63.3
164	M	1944	20	194.3	78
165	M	1944	20	182.1	66.5
166	M	1944	20	182.1	69.4
167	M	1944	20	178	76
168	M	1944	20	174.2	71.3
169	M	1944	20	178	63.5
170	M	1944	19	182.4	68.8
171	M	1944	20	191.2	70.7
172	M	1944	20	193.4	79.5
173	M	1944	20	186.6	71.2
174	M	1944	20	170.6	58.7
175	M	1944	20	177.6	62.3
176	M	1944	20	173.3	69.2
177	M	1944	20	180.7	71.9
178	M	1944	20	170.5	66
179	M	1944	20	176.5	77.6
180	M	1944	17	175.4	71.9
181	M	1944	20	167.3	66.2
182	M	1944	20	180	71.5
183	M	1944	20	174.5	61.9
184	M	1944	20	175.2	71.6
185	M	1944	20	170.6	68
186	M	1944	20	174	56.9
187	M	1944	20	182.3	108.1
188	M	1944	20	183	76.7
189	M	1944	20	187.6	76.3
190	M	1944	20	174.1	60.5
191	M	1944	20	187	83.4
1	M	1945	19	172.8	75.3
2	M	1945	20	163.7	61.7
3	M	1945	20	171.5	72.3
4	M	1945	19	188.4	79.6
5	M	1945	19	185.9	72.5
6	M	1945	19	183	74.4
7	M	1945	20	178	61.7
8	M	1945	19	179.8	73.5
9	M	1945	19	170.5	65.9
10	M	1945	19	177.4	62
11	M	1945	19	179.6	67.3
12	M	1945	19	177.2	71.3
14	M	1945	20	174.7	67
16	M	1945	19	169.3	63.9
17	M	1945	19	179.3	73.4
18	M	1945	19	165.5	59.9
19	M	1945	19	166.2	67.4
20	M	1945	19	175.3	64.1
22	M	1945	20	186.5	90.3
23	M	1945	20	180.5	67.5
24	M	1945	19	180	70.4
25	M	1945	19	180	68.8
26	M	1945	19	175.3	64.3
27	M	1945	19	185.8	79.9
28	M	1945	19	174.4	64.5
29	M	1945	19	179.6	72.4
30	M	1945	19	179.6	69.1
31	M	1945	19	167.4	53.8
32	M	1945	19	168.4	61.7
33	M	1945	19	178.4	81.8
34	M	1945	19	173.5	68.1
35	M	1945	19	183.8	78.9
36	M	1945	19	180.8	71.3
37	M	1945	19	180.8	75.9
38	M	1945	19	174.5	85.4
39	M	1945	20	175.1	56.6
41	M	1945	20	166	65.3
42	M	1945	20	168	59.7
43	M	1945	19	178.4	75.1
44	M	1945	19	189.9	71.1
45	M	1945	20	180.2	76
46	M	1945	19	175.4	62
47	M	1945	19	170.6	56.5
48	M	1945	19	175.3	64.1
49	M	1945	19	179.8	74.9
50	M	1945	19	170.7	68.6
51	M	1945	19	183.6	70
52	M	1945	20	187.3	106
53	M	1945	19	173.7	66.8
54	M	1945	19	171.6	63.9
55	M	1945	19	171.6	68
56	M	1945	19	167.4	64.1
57	M	1945	19	170.4	68.2
58	M	1945	19	177	62.6
60	M	1945	20	176.5	57
61	M	1945	18	179.1	75.2
62	M	1945	19	170.2	62.3
63	M	1945	19	167.3	53.1
65	M	1945	18	183	75
66	M	1945	19	186.2	69.2
67	M	1945	19	181	78.5
68	M	1945	19	182.3	71.2
69	M	1945	18	185.1	71
71	M	1945	18	174.1	60
72	M	1945	18	169.4	65.5
73	M	1945	19	164.4	57.7
74	M	1945	18	182.8	68
75	M	1945	19	172.4	61.3
77	M	1945	19	173.2	77.9
78	M	1945	19	178	68
79	M	1945	19	168	56.4
80	M	1945	19	175.9	58.1
84	M	1945	19	173.7	66.9
85	M	1945	18	174.6	72
88	M	1945	19	179	66.2
89	M	1945	19	177	66
90	M	1945	19	176.7	75.7
1	M	1946	19	179.4	70.5
2	M	1946	19	184.2	74.2
3	M	1946	20	192.5	94.3
4	M	1946	18	176.6	64.2
5	M	1946	18	178.4	77.8
6	M	1946	18	170.7	69.1
7	M	1946	18	175.4	67.3
8	M	1946	18	175.8	68.1
9	M	1946	19	165.7	63.5
10	M	1946	19	170	54.8
11	M	1946	19	179.2	59.5
12	M	1946	19	180.3	74.9
13	M	1946	18	175.5	68.3
14	M	1946	18	180.5	71.9
15	M	1946	18	184.8	73.7
16	M	1946	18	174.8	75.9
17	M	1946	18	182	67.2
18	M	1946	18	182.7	62.6
19	M	1946	18	179.2	75.6
20	M	1946	18	177.4	72
21	M	1946	18	176.3	70.9
26	M	1946	18	179.8	67.4
